45 105
60 105
75 105
90 105
105 105
120 105
135 105
150 105
165 105
180 105
195 105
210 105
225 105
240 105
255 105
315 105
330 105
345 105
360 105
375 105
390 105
405 105
420 105
435 105
450 105
465 105
480 105
495 105
510 105
525 105
45 120
135 120
255 120
315 120
435 120
525 120
45 135
135 135
255 135
315 135
435 135
525 135
45 150
135 150
255 150
315 150
435 150
525 150
135 165
255 165
315 165
435 165
45 180
135 180
255 180
315 180
435 180
525 180
45 195
60 195
75 195
90 195
105 195
120 195
135 195
150 195
165 195
180 195
195 195
210 195
225 195
240 195
255 195
270 195
285 195
300 195
315 195
330 195
345 195
360 195
375 195
390 195
405 195
420 195
435 195
450 195
465 195
480 195
495 195
510 195
525 195
45 210
135 210
195 210
375 210
435 210
525 210
45 225
135 225
195 225
375 225
435 225
525 225
45 240
135 240
195 240
375 240
435 240
525 240
45 255
60 255
75 255
90 255
105 255
120 255
135 255
195 255
210 255
225 255
240 255
255 255
315 255
330 255
345 255
360 255
375 255
435 255
450 255
465 255
480 255
495 255
510 255
525 255
135 270
435 270
135 285
435 285
135 300
435 300
135 315
435 315
135 330
435 330
135 345
435 345
135 360
435 360
135 390
435 390
135 405
435 405
135 420
435 420
135 435
435 435
135 450
435 450
135 465
435 465
135 480
435 480
45 495
60 495
75 495
90 495
105 495
120 495
135 495
150 495
165 495
180 495
195 495
210 495
225 495
240 495
255 495
315 495
330 495
345 495
360 495
375 495
390 495
405 495
420 495
435 495
450 495
465 495
480 495
495 495
510 495
525 495
45 510
135 510
255 510
315 510
435 510
525 510
45 525
135 525
255 525
315 525
435 525
525 525
45 540
135 540
255 540
315 540
435 540
525 540
60 555
75 555
135 555
150 555
165 555
180 555
195 555
210 555
225 555
240 555
255 555
315 555
330 555
345 555
360 555
375 555
390 555
405 555
420 555
435 555
495 555
510 555
75 570
135 570
195 570
375 570
435 570
495 570
75 585
135 585
195 585
375 585
435 585
495 585
75 600
135 600
195 600
375 600
435 600
495 600
45 615
60 615
75 615
90 615
105 615
120 615
135 615
195 615
210 615
225 615
240 615
255 615
315 615
330 615
345 615
360 615
375 615
435 615
450 615
465 615
480 615
495 615
510 615
525 615
45 630
255 630
315 630
525 630
45 645
255 645
315 645
525 645
45 660
255 660
315 660
525 660
45 675
60 675
75 675
90 675
105 675
120 675
135 675
150 675
165 675
180 675
195 675
210 675
225 675
240 675
255 675
270 675
285 675
300 675
315 675
330 675
345 675
360 675
375 675
390 675
405 675
420 675
435 675
450 675
465 675
480 675
495 675
510 675
525 675
135 375
435 375